100
2 50 11
6 70 97
8 88 89
2 20 86
10 85 39
4 73 95
4 67 2
8 86 79
4 75 64
7 100 100
6 75 93
10 36 14
10 84 53
5 98 52
2 31 28
5 18 78
10 67 45
10 62 99
10 18 93
5 90 63
7 34 69
10 47 0
10 57 12
7 14 17
6 1 35
1 28 0
3 52 52
5 25 46
2 69 49
3 4 99
1 82 32
1 25 88
9 14 13
1 50 75
6 20 54
4 25 17
1 86 76
5 78 71
5 0 100
2 60 50
5 71 60
6 19 5
10 62 55
8 71 98
10 10 27
1 96 100
2 25 51
5 20 65
3 76 15
1 70 31
1 63 90
10 0 0
1 71 77
10 33 81
7 53 61
10 72 52
7 43 97
1 76 70
6 9 75
10 50 100
5 45 56
3 58 63
2 80 57
7 50 7
10 63 29
6 60 6
2 99 11
1 4 96
10 55 29
10 9 17
4 25 73
1 50 1
2 50 37
7 29 21
5 100 0
8 83 77
2 25 9
2 25 3
1 50 5
2 15 12
10 52 13
9 50 0
10 41 39
2 20 30
2 50 25
7 43 68
10 70 66
4 99 79
10 70 83
8 70 79
3 37 79
2 23 46
10 95 19
3 56 67
4 30 47
1 4 29
8 63 58
7 94 13
10 2 86
4 38 21
