100
7 33 6
1 50 70
10 8 72
6 46 1
3 92 90
10 62 60
2 88 84
1 74 25
3 80 87
2 11 69
8 65 69
5 76 95
1 60 100
1 2 29
10 10 53
2 25 68
2 50 94
8 9 57
2 11 36
1 16 88
9 94 26
1 19 97
6 73 70
5 96 95
10 90 65
7 38 2
3 60 97
3 0 0
5 25 3
3 100 100
1 50 60
6 75 85
2 50 0
10 68 16
5 25 7
2 60 96
4 93 89
4 56 4
4 38 65
10 3 84
10 78 43
10 85 9
5 30 81
7 48 25
2 89 99
1 50 91
8 56 7
10 14 41
7 57 2
8 60 54
10 36 33
2 30 75
2 68 33
7 44 46
10 10 28
10 45 27
9 60 96
10 63 6
10 64 42
5 25 86
10 39 64
4 45 97
5 9 5
9 73 37
3 29 8
7 40 57
10 54 92
7 100 0
6 68 42
4 40 15
10 7 30
5 10 10
6 98 68
7 3 51
10 66 94
6 30 42
7 7 28
1 20 31
8 80 36
8 46 67
2 50 48
3 36 29
2 50 97
3 75 77
6 50 100
8 76 12
10 67 37
2 25 52
9 26 81
6 80 37
2 39 55
9 63 38
1 48 0
10 81 93
4 54 52
4 87 22
10 64 100
10 65 47
10 48 9
4 0 100
