100
5 56 41
2 92 51
2 10 8
6 58 93
1 50 32
10 4 3
2 9 81
9 2 26
9 79 38
10 70 83
1 64 0
3 40 35
10 76 51
8 30 70
10 70 86
10 7 19
6 76 44
5 25 84
10 72 89
10 73 7
8 35 20
10 21 22
1 72 39
8 24 8
2 25 27
4 56 98
2 48 51
2 25 85
1 74 100
2 64 3
1 0 0
7 63 80
10 78 13
3 76 54
6 70 70
7 39 51
6 47 89
10 38 43
8 90 43
1 50 75
7 44 7
5 2 78
3 75 51
5 2 95
2 50 31
4 75 18
10 45 55
5 75 75
10 6 59
7 60 96
8 27 49
4 50 93
7 84 6
6 20 42
5 37 56
10 28 45
6 80 22
2 40 80
2 39 51
4 40 90
10 29 58
9 31 10
4 100 100
10 56 0
9 17 49
6 0 100
2 80 48
7 62 56
6 99 86
7 34 43
5 42 39
10 35 39
10 66 23
4 92 4
1 50 51
2 94 1
3 85 90
5 97 55
5 50 0
2 33 57
6 21 64
10 82 98
9 100 0
7 19 4
5 38 68
6 56 49
10 24 63
5 56 85
7 13 56
2 50 34
10 30 32
5 41 61
2 23 11
3 66 63
10 85 21
2 50 100
2 19 76
9 73 25
3 71 92
2 50 96
